가실성당 근처 여행지 대구 달성군 육신사 배롱나무 백일홍나무... 
"대구 달성군 여행지 추천:남평문씨본리세거지, 산책하기 좋은... "
[ 대구 : 달성군 ] 7월 여행지 능소화와 연꽃 명소... 
대구 달성군 가을 꽃 여행지 옥연지 송해공원 황화 코스모스... 
[대구/달성군]하루이용료... 사문진 나루터 예약ㆍ여행지추천
[대구] 달성군 여행지 추천 #사문진 주막촌
대구 달성군 가볼 만한 곳 도동서원 은행나무 명소 가을 여행지
대구 가볼만한곳 옥연지... 빙벽 아이와 달성군 겨울여행지 산책
[대구 여행] 달성군 겨울 가볼만한 여행지 비슬산 자연휴양림... 
"듯 예쁜, 대구 달성군 교항리 이팝나무 군락지 (대구 추천여행지)"
대구10월 달성군 여행지 달성습지 생태학습관 아이들과... 
[대구/달성군] 마비정벽화마을... 대구여행 대구여행지... 
대구 달성군 5월 여행지 교항리 이팝나무 숲으로 오세요
대구 달성군 화원읍 대구 여행지 가 볼만 한 곳 추천... 
"대구 여행지 추천: 달성군 마비정 벽화마을, 조용하게 산책하기... "
송해공원 :: 달성군 가볼만한곳... 코스 대구 여행코스 여행지... 
"대구 달성군 가볼 만한 곳, 리포터 추천 여행지 2편 (+관광지도... "
[옥연지 송해공원] 대구 달성군 여행지 명소 : 아이와 산책하기... 
대구 가을여행지 달성군 가볼만한곳 비슬산자연휴양림 다녀온... 
"대구 달성군 가볼만한곳, 가을여행지 로 추천하는 대구 도동서원"
"대구 가볼만한곳, 5월 국내여행지 추천, 달성군 교황리... "
겨울 노을 아름다운 곳 대구 여행지 추천 달성군 비슬산 도성암
대구 가을 여행지 추천 | 단풍명소 가볼만한곳 달성군 비슬산... 
대구 8월여행지 배롱나무 명소 달성군 하목정에서 아이들과... 
대구 달성군 1박 2일 여행 교항리 이팝나무 군락지 이팝나무... 
달성군 겨울 여행지 송해공원 얼음 빙벽
[대구광역시 달성군] 400년 된... 세계문화유산 여행지... 
대구 옥연지/대구 달성군 옥포읍 송해공원/대구 옥연지 둘레길
[대구 달성군] 대구 명소 추천 가볼만한곳 옥연지 송해공원
대구달성군 대구 달성군 날씨  효과적인체크
대구 달성군 가볼만한곳 남평문씨 본리세거지 문익점 목화밭... 
대구달성군 대구 달성군 날씨  중요 정보
대구 달성군 다사카페 _ 오마모리 다사 (Omamori)
"대구 달성군 여행지, 가볼 만한 곳 추천!"
"대구 달성군 여행지: 달성 도동서원, 유네스코 세계 문화유산에... "
대구 달성군에 이런 곳이? 나중에 꼭 가봐야 할 대구 주요 여행지
대구 가을 여행지 - 달성군 유가사 108 돌탑
"겨울을 맞이하는 용연사 풍경 :: 대구 오래된 사찰 소개, 달성군... "
"6월 국내여행지 추천 :: 대구... - 오토캠핑장, 달성군... "
대구 달서구 달성군 가볼 만한 곳 여행지 추천&lt;대구 둘레길... 
"대구 달성군 참꽃랠리... 가볼만 한 곳, #6월 여행지 추천"
"달성 하목정 - 대구인근여행지,대구가까운여행지,달성군 하빈면... "
대구여행지 대구맛집 대구달성군맛집 사문진막걸리... 
"(달성군화원읍,대구산책로... 대구데이트장소,대구여행지)"
대구 달성군 다사읍 세천카페 _ 벨베꼼메 (velbekomme)... 
가족들과 함께 걷기 좋은 대구여행 달성군 옥연지 송해공원
"대구 달성군 여행지 추천: 마비정 벽화마을, 황토방 식당... "
"벽화마을[대구에 가볼만한곳,대구 여행지,마비정,달성군]"
대구 달성군 여행지추천 마비정벽화마을
대구 은행나무 명소 달성군 도동서원 은행나무 :: 노랗게 물든... 
"대구 달성군 참꽃랠리... 가볼만 한 곳, #6월 여행지 추천"
"대구 여행: 남평문씨 본리세거지, 달성군 봄 여행지 추천"
대구 여행지 추천 / 달성군이 추천하는 여름휴가 코스 BEST3... 
"대구 여행지 추천 / 자연과 역사가 어우러진 달성군 명소, 달성... "
대구 여행지 추천 / 가을... - 달성군 블로그 기자단 박재현
"가볼만한 대구 달성군 여행지 추천 - 화원 자연휴양림, 용문사... "
대구 여행지 / 천내천... 낙원 - 달성군 블로그 기자단 최광철
대구 여행지 추천 / 늦여름과... 낭만적인 여행지 달성군... 
가을 단풍 여행지 / 대구 달성군 가창면 우록리로 떠난 단풍... 
대구가을여행지 400년 은행나무 도동서원과 다람재
대구 스탬프투어 달성여행지 4곳은 어디? 달성 도동서원... 
대구 가을여행지로 강정보 디아크를 추천합니다!! - 달성군... 
"당일치기 여행지 추천, 국내 겨울여행 - 대구 달성군에서... "
벽화마을 - 달성군 블로그 기자단 최광철 / 대구 여행지 추천
대구 가을여행지 주말 대구 가볼만한곳 이색 카페 아트도서관... 
대구 여행지 추천... 반월당역에 달성군을 알리는 홍보물이... 
대구 여행지 추천 / 달성군 블로그 3기 기자단 화합의 팸투어... 
코스 :: 달성군으로 떠나는 당일치기 힐링 여행지! -  대구... 
"대구 여행지 추천 / 1,300년의... - 달성군 블로그 기자단 남혜진"
대구여행지 :: 하목정에 다녀왔습니다 - 달성군 블로그 기자단... 
"대구 여행지 추천, 4월 대구 가볼만한곳 - 달성군 블로그 기자단... "
대구 여행지 추천 :: 달성군 운흥사 보물찾기 - 달성군 블로그... 
"대구 봄꽃 여행지 '화원동산... 여행, 대구 가볼만한 곳 - 달성군... "
대구 연꽃단지 / 대구 여행지... - 달성군 블로그 기자단 김대식
대구 여행지 :: 대구의... - 달성군 블로그 기자단 정영옥
"추석연휴 가볼만한곳 / 달성군... - 대구 여행지 추천, 대구 추석... "
"대구 여행지 추천 / 사문진... - 황금연휴 여행, 달성군 명소"
대구 여행지 추천 / 달성군 대표 관광지 '달성 12경' 선정을... 
대구 여행지 추천 / 아름다운... - 달성군 블로그 기자단 허수연
대구 여행지 추천 / 달성군이 추천하는 여름휴가 코스 BEST3... 
달성군에서 누리는 오감만족 맛 여행! - 대구 여행지 추천... 
대구 여행지 추천 / 대구 가을... - 달성군 블로그 기자단 도재국
대구 여행지 추천 / 옥연지... - 달성군 블로그 기자단 정영옥
대구가족여행 :: 도심속 힐링여행지! 화원자연휴양림 유아... 
대구 여행지 추천 :: 대한민국... - 달성군 블로그 기자단 정영옥
기념 음악회 - 달성군 블로그 기자단 문병의 / 대구 여행지 추천
대구 여행지 추천 / 아름다운... - 달성군 블로그 기자단 최광철
대구 여행지 추천 / 옥연지... - 달성군 블로그 기자단 정영옥
대구 여행지 추천  / 마비정... - 달성군 블로그 기자단 강영숙
"대구 여행지 추천 / 남아있는... - 달성군 명소, 용문사계곡"
국내가을여행지 :: 11월의... - 달성군 블로그 기자단 강영숙
겨울 여행지 추천 / 대구 달성군에서 즐기는 당일치기 여행 코스... 
대구 봄 여행지 :: 봄맞이 송해공원 둘레길 힐링 산책 - 달성군... 
대구 여행지 추천 / 달성군의 멋진 여행지를 경험하러... 
대구 여행지 추천 / 그림과... - 달성군 블로그 기자단 남혜진
대구 가을 여행지 / 아름다운... 풍경 - 달성군 블로그 기자단... 
대구 여행지 추천 / 비슬산... - 달성군 블로그 기자단 도재국
대구 여행지 추천 / 달성군의 명소 사문진 나루터의 모든 것을... 
대구 여행지 추천 / 새롭게... - 달성군 블로그 기자단 강영숙
"대구 겨울 가볼만한 곳... , 겨울 여행지- 달성군 블로그 기자단... "
대구 여행지 추천 / 가을... - 달성군 블로그 기자단 남혜진
대구 여행지 추천 / 대구 근대골목투어를 통해 달성군 관광지를... 
대구 여행지 추천 / 화려한... - 달성군 블로그 기자단 김대식
대구 여행지 추천 :: 봄나들이 하기 좋은 달성군 당일치기 여행... 
대구 여행지 추천 / 달성군의 가볼만한곳인 화원동산이... 
추천 | 대구광역시 달성군... 명소/가을 여행지 추천/10월 가볼... 
한국의 스위스 _ 언택트 여행지 추천! 대구 달성군 송해공원
대구 여행지 추천 / 시원한... 나들이 - 달성군 블로그 기자단... 
대구 여행지 / 달성군의 대표적인 관광 여행지를 컨셉으로 한... 
대구 단풍명소 달성군 도동서원 400년된 은행나무 11월초... 
대구 달성 여행지 추천 :: 나의... - 달성군 블로그 기자단 정영옥
대구 여행지 추천 / 달성군 관광지 사문진주막촌에서 만난... 
대구 진짜 여행명소는 누가 뭐래도 달성군이야(한국일보... 
바람이 부는 대구 비슬산 여행  대구 달성군 근교 여행지 추천!
"가볼만한 대구여행지 BEST3!! - 옥연지 송해공원, 달성군... "
대구겨울여행지 비슬산얼음동산 달성군겨울명소
[대구]달성군 어른들 입맛에 딱... 모시고 가기 좋은 대구여행지
[대구달성군] 대구가을여행지#달성습지#대명유수지#억새밭
대구 여행지 추천 / 성큼... 억새군락지 - 달성군 블로그 기자단... 
"대구 달성군 ‘논공꽃단지... 사진찍기 좋은 곳, 주말여행지 추천"
대구 달성군 현풍카페 _ 홈파인 (Homepain)
대구 여행 : 달성군 하빈 육신사
"달성군 동제미술관... 주말나들이, 대구여행지로 추천드려요.... "
대구 여행지 추천... 소개합니다. - 달성군 블로그 기자단 도재국
대구 여행지 추천 / 아름다운 대구벽화마을 추천! 달성군 더하리... 
숲체험 / 대구 여행지 추천... - 달성군 블로그 기자단 김혜정
"국내여행지 :: 백세정, 백세교... - 달성군 블로그 기자단 조덕제"
대구 여행지 추천 / 하나의 가격에 두 곳의 달성군 대표... 
대구 달성군 옥포 예일유치원 &lt;예일 7살 우리들의 부산여행~♥&gt;
[대구 여행] 겨울여행지 추천 달성군 송해공원 얼음 빙벽
"대구 여행지: 달성군 논공꽃단지, 가을 핑크뮬리가 가득!"
대구 여행지 달성군 가볼만한곳 옥연지 송해공원 둘레길 금동굴... 
"대구 달성군 가볼만한 곳, 옥연지 '송해공원'에 다녀왔어요!... "
대구 여행지 근대골목 골목문화해설사를 만나다!
[여행] 광역시 대구달성군 옥연지 송해공원 방문:산책길
대구 능소화 명소 대구 달성군 도곡재 능소화 절정 육신사... 
대구 여행지 추천 / 더운... - 달성군 블로그 기자단 박재현
대구 달성군 가볼만한곳 화원유원지 사문진 나루터 화원나루공원
[대구/달성군]옥연지 송해공원 대구여행지추천 데이트명소... 
대구 여름여행지... 힐링하세요! - 달성군 블로그 기자단 정영옥
대구 가족여행 달성군... 어린아이와 다녀오기 딱좋은 여행지
"대구 달성군 식도락 여행 Ep.1ㅣ가창댐 드라이브, 곤지곤지... "
현풍 석빙고' / 대구 여행지 추천 - 달성군 블로그 기자단 김혜정
대구여행 : 대구근교 출사지 추천 달성군 세천리 소나무
대구 가볼만한 곳이자 대표 여행지인 힐링명소 스파밸리로... 
"대구 달성군 시골향 가득한, 마비정 벽화마을"
대구 여행지 추천 / 세계 26개국 농업공무원들이 달성군 사문진... 
[대구] 근교 가볼만한곳/[달성군.현풍 ]옥연지 송해공원... 
대구 가을 여행지 추천... - 달성군 블로그 기자단 손민영
[국내여행] 대구 달성군 가볼만 한곳 마비정 벽화마을 | 런닝맨... 
대구여행 달성군 옥포 이팝나무 숲
5월여행지 추천 대구 목향장미 명소 큐바이쿼트 &amp; 교향리... 
대구 여행지 추천 / 숲이... 모습 - 달성군 블로그 기자단 김대식
대구 여행지 추천 / 달성군 관광지와 다양한 체험프로그램을... 
대구 여행지 추천 / 한옥 황토... 풍경 - 달성군 블로그 기자단... 
가창 은행나무 명소 폰타나 커피 대구경북 11월 여행지
대구 이색 여행지 :: 봄맞이... 개시 - 달성군 블로그 기자단... 
대구 여행지 추천 :: 강정보 디아크 설날 풍경- 달성군 블로그... 
대구 여행지 추천 / 가족... 디아크 - 달성군 블로그 기자단... 
대구 여행지 추천 / 죽곡산성이... - 달성군 블로그 기자단... 
대구 여행지 추천 / 선조들의... - 달성군 블로그 기자단 도재국
대구 달성군 카페 애견동반 산책로 가볼만한곳 르당
"대구 달성군 식도락 여행 Ep.2ㅣ하얀집, 비슬산 둘레길 3코스... "
"달성군 참꽃랠리 스탬프투어... 8월 여행지 추천, #대구여행... "
봄 대구여행지 갈만한곳 매화명소 남평문씨본리세거지
"대구 가을여행지,  '남평문씨 본리세거지'"
[대구가볼만한곳] 옥연지 송해공원/달성군가볼만한곳(추천여행지)
[대구가볼만한곳] 옥연지 송해공원/달성군가볼만한곳(추천여행지)
마비정벽화마을과 문익점-대구 달성군 화원 여행지
대구여행지추천 대구여행... 대구가볼만한곳 대구시 달성군... 
대구여행지추천 :: 낙동강변이... - 달성군 블로그 기자단 배진영
대구 달성군 현풍카페 _ 스몰버드 (Smallbird)
대구 달성군 가볼만한곳 필수여행지 옥연지 송해공원
대구 여행지 송해공원 볼것 많은 가족 데이트코스
"4월, 대구명소 :: 알록달록... - 달성군 블로그 기자단 정영옥"
대구 달성군 하빈카페 / 대구한옥카페 _ 묘운 (myoun)
따라 여행지 다시 읽기(ft.경북 대구 경남 충남 전국여행)
재밌게 본 사람 손!  랜선으로 떠나는 겨울 대구 여행지 BEST 5
#달성군 #송해공원 #녹동서원 /대구시민기자단
대구 겨울 여행지 추천... 둘레길 - 달성군 블로그 기자단 강영숙
대구 사문진주막촌 :: 형형색색 튤립꽃이 예쁘게 핀 달성군명소!... 
"대구 남지장사와 청련암,백련암(가을 여행지)"
"달성군 여행지 :: 달성의 자랑거리, 관광명소에 얽힌 재미있는... "
대구달성군맛집 옥포떡볶이 심퉁즉떡 옥포점
국립대구과학관 어린이 꿈나무 대구 겨울 여행지 추천 코스... 
대구 카페 추천 / 옥연지... 카페 '블로썸' - 달성군 블로그... 
대구 여행지 추천 - 마비정 벽화마을 [달성군 화원읍]
2023 대구 우수지역축제로 펼쳐지는 9월 여행지 추천 축제
대구여행지/달성군 비슬산 유가사/산벚꽃 지는 봄날... 
있는 대구 비슬산 얼음동산을 다녀왔어요! - 달성군 블로그... 
대구근교드라이브 추천... - 달성군 블로그 기자단 최광철
대구 여행지 추천 / 달성군의 새로운 명소 '송해공원 둘레길... 
경북 가을여행지. 대구 화원읍 '마비정 벽화마을'
대구 달성군카페 / 송해공원카페 _ 이치아더커피 (each... 
대구 달성군 옥포맛집 / 송해공원맛집 _ 대구식당... 
부모님과 함께 가볼만한곳 국내 여행지 추천 대구 송해공원... 
대구 달성군 가창면 &quot;네이처파크&quot; 할인팁 및 방문후기  ※ 대구... 
대구 달성군 관광지도 비슬산 관광지 달성군여행지 안내
대구 겨울 가볼만한 곳 :: 달성 한일우호관 녹동서원 - 달성군... 
대구여행 추천명소 :: 4월... - 달성군 블로그 기자단 김유성
대구 달성군 여행!! 마비정 벽화마을!! 런닝맨 촬영지!!
"( 대구 달성군 유가읍 양리 산 3-8 ) --- 사진, 여행지 추천... "
"가슴이 탁 트이는 언택트 여행지, 달성군 송해공원"
"대구 달성군 여행: 한훤당 고택 by soga, 한옥카페에서 힐링"
대구 여행 낙동강 생태탐방로 산책 일몰 후기
대구 여행지 추천 / 달성 12경... - 달성군 블로그 기자단 최광철
대구 근교 여름 여행지 1코스 도동 측백나무숲
대구 여행 화원유원지 맛집 사문진 주막촌 후기
12월 국내겨울여행지 추천 가볼만한곳 리스트 (서울 근교 및... 
대구 여행지 추천 :: 달성군의 또 하나의 명물 화원동산 사문진... 
대구 달성군 가볼만한곳 놀거리 많은 사문진나루터 사문진주막촌
대구 여행 달성습지 후기
대구 달성군 화원카페 _ 카페낙원 (Cafe_Nakwon)
대구근교가볼만한곳 최초의피아노와 드라마촬영장 달성군... 
대구 여행지 추천 / 화원동산... - 달성군 블로그 기자단 최광철
여름휴가 여행지 추천 / 이번 여름휴가는 달성군으로 오세요!... 
대구 비슬산 대견사 여름여행지 추천
대구 여행지 추천 :: 대구 달성군 도동서원 ( feat. 카페 기브온 )
경북 성주 화복 맥문동 성밖숲 &amp;대구 달성군 화목정 맥문동... 
대구 여름여행지 :: 달성군 비슬산에 있는 대견사로 여러분을... 
송해선생님을 추억하다 대구 달성군 '옥연지 송해공원' 방문 후기
대구 여행지 추천 :: 따뜻한... 개장 - 달성군 블로그 기자단... 
대구 은행나무 명소 현풍 도동서원 11월 여행지
대구골목 가볼만한 화원역비슬상점가골목 대구 달성군 골목 여행
대구 여행지 추천 / 대구의... 동대구역에 있는 달성군 관광... 
4월 여행지 추천 명소로 대구에서 만나는 진달래 명소인... 
대구맛집 대구달성군맛집 송해공원맛집 대구송해공원맛집... 
5월 여행지 대구 유채꽃부터 울산 장미축제까지 (ft. 꽃구경... 
대구 달성군 옥포카페 / 송해공원 근처 카페 _ 웜 브리즈... 
4월 봄여행지 대구 비슬산(대견사코스)최단코스/투어버스... 
"즐기는 달성군 당일치기 여행! - 대구가볼만한곳, 백종원... "
달성 도동서원 대구 가을여행지 갈만한 곳으로 추천해요
대구 달성군 화원맛집 / 대구야끼우동맛집 _ 오복반점
가격 안경 종류가 다양해요 :: 대구 달성군 안경/대구 안경점 추천
대구 여행지 추천 / 대구... - 달성군 블로그 기자단 도재국
"국내 가을여행지 추천, 대구 경북 근교 포함 추석여행... "
"겨울 여행지 추천, 비슬산자연휴양림 얼음동산축제 - 달성군... "
대구 단풍 명소 / 400여 년의... 은행나무 - 달성군 블로그... 
대구 억새 가을여행지 산책코스로 추천하는 10월 갈대 명소... 
"(2) 대구미술관 구름다리 아래, (3) 달성군 유가읍 유가사... "
대구 여행 달성군 가볼만한곳  사문진 나루터
대구 달성군 가볼만한곳 논공 삼거리 꽃길 황화코스모스 만개 ...
"[대구 여행] 대구 달성군 하빈 한옥 카페 묘운 , 예스러움이... "
"대구 가을여행지 추천 :: 달성군 숨은명소, 용호서원을... "
크리스마스에 가기좋은 카페 / 대구 달성군 하빈면카페... 
대구 겨울여행 :: 때묻지 않은... - 달성군 블로그 기자단 정영옥
백일홍과 기와가 어우러진 환상의 대구 달성군 육신사
9월 여행지 추천 :: 강정보... 빛나는 '강정 대구현대미술제'
대구 배롱나무 명소 달성 하목정 대구 여행지 나들이 드라이브... 
대구 가볼만한 곳 :: 푸르른... 함께하세요~ - 달성군 블로그... 
7월 여름 국내 여행지 추천 대구 배롱나무 명소 개화시기
대구 달성군 하빈면 육신사에서 1- 사육신기념관과 삼충각
대구 단풍 명소 추천 도동서원 400년 된 은행나무 가을나들이
대구여행 해질무렵 찾은 대구 여행지 송해공원 옥연지와 금굴... 
11월여행지 대구여행 달성습지 대구 대명유수지
대구 가을 명소 추천... 오세요! - 달성군 블로그 기자단 이정옥
대구 가을여행지 추천... - 달성군 블로그 기자단 박재현
대구 여행지 추천 / 주말 가족... 남평문씨본리세거지' - 달성군... 
국내 가을 여행지 :: 드론으로 찍은 대구 가을 풍경 - 대구... 
대구 달성군 가창맛집 / 대구닭갈비맛집 _ 가창닭갈비
대구여행 :: 옛 정취가 살아 숨쉬는 달성군 1호 대표관광지... 
대구 달성군 주요 여행지
"대구 근교 여행지, 경북 청도 당일치기 여행"
"[대구가볼만한곳] 달성습지... 걷기좋은 여행지, 데이트코스... "
"달성군의 멋진 관광지를... 위촉식 / 대구 관광지, 마비정... "
대구 여행지 추천 :: 6.25전쟁의... 호국기념관 - 달성군 블로그... 
대구근교 경북 경남 가을 여행지 10곳
대구 남평 문씨 본리 세거지 능소화 명소 여름꽃 7월 달성군... 
"대구 근교 물놀이장 8월 여행지 가볼만한곳 추천, 워터파크... "
"블로그 기자단 김명수 / 대구 가볼만한곳, 달성군 가볼만한곳"
대구 달성군 화원카페 _ 자연충만 (cafe.fullnature)
무쇠짬뽕 : 대구 달성군 다사읍 다사짬뽕맛집
대구 여행지 추천 / 대구 야경... - 달성군 블로그 기자단 최광철
대구 10월 여행지 핑크뮬리와 코스모스 핀 논공 꽃단지
"대구근교여행지:) 할로윈패키지, 대구 동물원 가창네이처파크"
대구 달성군 마비정 마을(130615)
공자의 도는 동방으로 흐른다. 대구 달성군 구지면 도동서원
"대구 스파밸리에서 온천 즐기기! - 대구 온천, 국내 겨울여행지"
대구수목원&amp;달성습지 소개/‘친환경 추천 여행지’(대구... 
여행ep. 55 - 대구 달성군 옥포가볼만한곳_교항리이팝나무군락지
"대구 여행지 추천: 사문진 주막촌, 봄꽃 여행, 튤립의 향연"
[대구여행]  코로나 비대면 여행지 옥연지송해공원은 낮보다... 
대구 달성군카페 / 구지면카페 / 대구근교가볼만한곳... 
"대구 달성군 여행, 사문진나루터 / 피아노가 처음 들어온 곳"
대구 달성군 이팝나무군락지와 다른 이팝나무길 추천
대구 달성군 하목정 배롱나무
"10월 대구 가볼만한 곳 가을 나들이 코스, 화원유원지... "
여행주간 대구 여행지 추천 함께 살펴보자! - 대구가볼만한곳
[한국관광공사 기사 소개] 대구 달성군과 달서구 - 어르신... 
대구 달성군 마비정길 대구의 가볼만한 곳 여행지 관광지 입니다.
대구카페추천 :: 고즈넉한... - 달성군 블로그 기자단 이정옥
대구 7월 여행지 연꽃 명소 남평문씨 본리세거지 개화상황 포토존
대구 달성군 밥집 곤지곤지 보리밥 한식 맛집
대구 여행 :: 무더위를 싹~ 잊게 할 대구 힐링여행지 3곳 추천... 
대구 겨울여행지 :: 옥연지... - 달성군 블로그 기자단 강영숙
다산 고령 은행나무숲 국내 가을 여행지 대구 단풍 아직 볼 수... 
"3월 여행지 추천 :: 벚꽃... - 2018 벚꽃 개화시기, 대구... "
[대구여행가볼만한곳] 다양한 체험활동이 가능한 동물원!... 
대구 갈만한곳 나들이 11월 여행지 달성 도동서원 대구 단풍... 
"대구 가볼만한곳 추천, 의외로 안 가본 곳 많은 대구여행지... "
하루한번 여행지 추천 : 대구 화원 썰매장
대구 주말나들이 :: 달성보... - 달성군 블로그 기자단 김유성
대구 달성군 데이트 코스 마비정 벽화마을 리뷰!!!
대구 겨울여행지 추천 :: 달성군 우록마을 남지장사에서 즐기는... 
"대구온천으로 대구 스파밸리와 팔공산 온천, 홈스파월드를... "
맛집 _ 금산곰탕 _대구 달성군여행(3)
대구 달성군 현풍카페 _ 오디너리히어로즈 (ordinary_heroes)
대구 겨울방학 가족여행... - 달성군 블로그 기자단 강영숙
대구 여행지 도동서원 천천히 산책하며 힐링해요! (대구 산책로... 
대구 관광명소 송해공원 예쁜 수변공원  대구 달성군 꼭 가봐야... 
대구 여행지 :: 늦가을 정취를 가득 담은 데이트명소 대구 한옥... 
[대구/달성군] - 대구국립과학관 대구 아이랑 가볼만 한... 
대구 유원지 네이처파크 아이랑가기 좋은 여행지
"벽화마을'을 소개합니다! - 대구사진찍기좋은곳, 달성군 벽화마을"
대구 달성군 옥연지 송해공원 맛집 핸즈커피 카페 옥연지
"대구 겨울여행지, 겨울의 느낌이 물씬 느껴지는 송해공원"
여행 리포터가 소개하는 대구 달성군 가볼 만한 곳
달성군 여행 계획 '나홀로 대구에 빠져보기'
"달성군이팝나무군락지 5월가볼만한곳, 만개"
아직은 봄이고 새롭고 즐겁고 (내돈내산) / 대구 달성군 가창... 
대구 아이와 가볼만한곳 세천늪테마정원 핑크뮬리... 
&quot;영상&quot;으로 만나보는 대구 대표 여행지 (대구 가볼만한 곳)
"대구 가을여행지 : 핑크뮬리, 황화코스모스 동시에 볼수있는... "
대구 당일치기 여행  :: 봄날 트레킹하기 좋은 달성군 비슬산... 
대구 달성군 가볼만한곳 남평문씨본리세거지 홍매화 만개... 
[대구] 5월 여행지 교향리 이팝나무 군락지 실시간 개화 현황
대구 홍매화군락지 목화밭 남평문씨본리세거지/ 2월여행지
[대구/달성군/가창여행지] 애니멀밸리 -대구근교 아이와... 
달성군 여행지 마비정벽화마을 추천 러닝맨 촬영지로 유명한 곳
대구 여행지 남평문씨본리세거지 홍매화 올해 첫 꽃사진 찍으러
정겨운 마비정 벽화마을 대구 달성군 여행
[대구여행]배롱나무의 성지 달성군 &quot;달성삼가헌고택&quot;
"마비정벽화마을 - 대구가까운여행지,대구가볼만한곳... "
대구 여행지 나들이 대구 마비정 벽화마을
대구근교여행(달서구/달성군/고령군)달리고 여행을 가다.
대구화원휴양림(대구광역시 달성군)
대구 봄 여행지로 가볼만한 데이트 코스 확인하세요
"대구 여행코스 추천 (사문진나루터, 핑크뮬리 스팟, 달성군레포... "
본격적인 겨울이 시작되기 전 대구 실내여행지 미리 만나보기!
대구 달성군 교항리 이팝나무 군락지 5월 숨은명소!
대구에서 가볼만한 곳 / 화원에서 가볼만한 곳 / 가족여행지... 
"대구 아기랑 실내, 실외 동물원 추천 - 달성군 가창 네이처파크"
화원미술학원/대구옥포미술학원/달성군미술학원... 
[대구/달성군]애견동반 산책 공원*화원 사문진나루터* 강변 데크길
대구달성군 '송해공원'             나들이 장소로 너무 좋아♡
대구 달성군 옥포 태양의신부 빵집 종류가 다양해
[국내여행] 4월 대구 추천 여행지 / 대구 겹벚꽃 명소 : 화원동산... 
[대구 달성군] 대구 근교 부모님과 함께 가볼만한 곳 드라이브... 
"수줍게 피어나는 여행지, 전통한옥양식의 볼거리가 많은 대구명소"
[국내여행] 7월 대구 추천 여행지 : 육신사 배롱나무길... 
"대구도시철도 1호선 화원역, 설화명곡역 주변 여행지 :: 대구... "
"- 달성군 블로그 기자단 박재현 / 겨울 여행지 추천, 크리스마스... "
대구 달성군 가창 전통 차 오퐁드부아 티하우스
대구 여행지 추천 - 달성군 화원자연휴양림 ^^
"비슬산 얼음 축제, 겨울을 만끽할 수 있는 대구 1월 여행지... "
대구 가을 여행지 시원한 하늘과 강 산 뷰가 끝내줬던... 
대구 대곡역맛집 :: 찐동네맛집 동백오리
대구 설 여행지 추천 2탄 - 근대골목/김광석거리/설날 이벤트
대구 경북 추석연휴 여행 가볼만한곳 국내여행지 12곳 추천
[대구] 대구 달성군 사문진나루터【사문진 주막촌】
"대구근교여행지: 현풍곽씨십이정려각, 용흥지 연꽃밭"
대구 도동서원 은행나무 가을여행지로 오기좋은곳
대구야경명소 :: 화려한 불빛이... - 달성군 블로그 기자단... 
"[영상] 대구 억새 풍경이 아름다운 가을 여행지, 달성습지"
[대구] 옥연지 벚꽃 [ 송해공원 / 달성군 ]
"아젤리아'를 소개합니다! - 대구 여행, 달성군 가볼만한곳"
"대구 여행지: 옥연지 송해공원, 완연한 가을, 국화가 만개했어요"
녹동서원 [대구관광스탬프트레일] - 대구 달성군
대구 가볼만한곳 :: 고즈넉한 아름다움이 있는 달성군의... 
대구 여행 :: 달성군을 여행하는 방법!! 명소도 구경하고!... 
"대구 달성군, 달구벌 빛의 정원에 겨울이 살포시 찾아드네... "
[대구 이색 여행지 추천]알록 달록 느낌있는 벽화마을로... 
달성군여행 대형카페 강정보 게이블루프 루프탑 좋은데요
대구 근교 여행지 대형카페 맛집 여행 코스 추천
"[대구달성군]남평문씨세거지, 마비정벽화마을"
여행지 추천_ 이색이 가득한 곳 대구로 여행을 떠나보자!
대구 겨울여행지를 만나보자!  - 힐크레스트/이월드 별빛축제... 
대구 비오는날 실내 여행지 송해기념관
옥연지 송해공원 금굴 12월 겨울 대구 여행지 추천 데이트 코스... 
대구 달성군 하빈맛집  동곡할매손칼국수 육신사
대구  핑크뮬리 사진찍기 좋은 가을 여행지 추천
대구가볼만한곳=대구여행지추천 달성습지에 가다
대구 어버이날 여행지:: 부모님과 함께 하면 더욱 즐거운... 
대구 달성군 가볼만한곳 남평문씨본리세거지 아름다운... 
대구 가볼만한곳 여행지 추천 BEST.3
"대구가을여행지! 팔공산케이블카, 이월드, 마비정벽화마을!"
대구 겨울여행 :: 대구 명소... - 달성군 블로그 기자단 김대식
대구추천여행지 도동서원... 유네스코세계문화유산 달성군... 
"따라 떠나는 스탬프투어 - 국내 가을여행지, 대구 여행코스"
빛의 전신 경락 &amp; Spa 대구 달성 근처 여행지 가볼만한곳 추천!
"--- 대구 달성군 유가읍 양리... 착시 현상 --- 여행지 추천, 주말에"
(coffee_plaza) / 대구 달성군 하빈면카페 _ 마르텐사이트... 
대구 여행지 인근 숲 캠핑장 나루터 여행 사문진 피크닉장
얼음동산 실시간 후기/대구 겨울 가볼 만한 곳/대구 겨울 여행지
대구 가볼만한 곳 추천 앞산해넘이전망대 옥연지 송해공원 수성못
11월 마지막 가을을 즐기기 좋은 대구근교여행지 고령... 
가을 여행지 추천 옥연지 송해공원 대구여행 코스
대구 캠핑장 / 일상을 떠나... 사문진 나루터 캠핑장 - 달성군... 
달성군 카페 마르텐사이트 추천
은행나무 여행지 여기 어때!
대구 가볼만한곳 :: 아름다운... 달성군 화원읍에 위치한... 
[대구 논공]논공꽃단지... 핑크뮬리가 예쁜 가을 여행지
깨끗하고 공기좋은 달성군 물놀이장을 소개합니다! - 대구수영... 
[가창맛집] 대구 달성군 맛집 오리불고기 전문점 '취경'
"3월, 4월 국내 봄 여행지로 딱! 대구 봄에 가볼 만한 곳 '수성구... "
맛집?먹거리?_대구 달성군_손중헌매운탕식당
"대구관광스탬프트레일 .. [대구가볼만한곳,대구여행지]"
대구 '박지연의 가창 옛날... 영화 속에서 보고 싶었던 여행지
달성군 겨울 여행지 :: 화원명곡 까치봉의 겨울풍경 - 달성군... 
사문진주막촌 / 화원유원지 / 대구여행지 / 달성군맛집... 
[대구가볼만한곳/대구마비정벽화마을가는법] 대구 근교 여행지... 
국내 여행지 코스 갈만한곳 추천 대구 데이트 가볼만한곳... 
직접 가보고 추천하는 대구 여행 코스 - 대구 달성군 (feat.... 
달성군 가볼만한곳 겨울왕국 송해공원 빙벽
대구 가볼만한곳 내멋대로 대구여행지 코스추천 안전여행해요!
2박 3일 여행코스:: 여름 국내 추천 여행지! 대구에서 놀자!... 
실내 동물원 가볼만한곳 아이와 겨울 핫플 관광지 대구... 
대구 단풍 :: 2016년 가을 단풍 절정시기와 달성군 가을... 
대구 달성군 홍보 영상 모델 이은주 촬영 후기
국내 가을 여행지 대구 도동서원에서 만난 만추 절경
국내 힐링 여행지:: 봐라만봐도 좋다! 대구 가볼만한 산책... 
대구 가볼만한곳!! 달성군 화원 마비정벽화마을~~
[대구 설 연휴 여행지 추천] 설 명절에 떠나는 구석구석 대구... 
대구가볼만한곳=대구여행지추천/대구데이트코스 송해공원에서... 
[대구]달성군 가볼만한곳 -달성습지
과학과 친해질 수 있는 대구 여행지! 국립대구과학관을 다녀오다!
대구 가을 여행 가볼 만한 곳 대명유수지 물억새 명소
# 대구 가볼만한 곳 : 옥연지... 부모님과 함께 가기 좋은 여행지
디아크 강빛축제 2023 대구 디아크문화관에서 만나는 인간과... 
"물길따라 산책하기 좋은 대구 벚꽃 명소(성당못, 옥연지... "
대구 이팝나무 명소 옥포... 이팝나무군락지 절정 5월 여행지 추천
"은행나무 명소 내일 안가면 후회, 대구 달성군 여행 도동서원"
"볼 수 있는 대구 송해공원 빙벽! - 달성군 가볼만한곳, 겨울 명소"
대구가 볼만한 곳  송해공원 대구여행지 수변공원
"대구 가볼만한곳, 배롱나무꽃을 찾아 떠난 시간여행지 달성... "
달성군 맛집! 정강희 두부마을에서 맛 본 두부정식!
대구 가볼만한곳 :: 연말... 달성군 블로그 기자단 장하나
"대구 겨울 여행지 옥연지 송해공원, 얼음 빙벽 보러 가요"
대구 근교 봄여행지 3선 어디가 좋을까
대구 달성군 여행지 관광명소 추천 &lt;도동서원 은행나무&gt;
대구 가볼만한 곳 / 달성군 다사읍 집성촌으로 봄 나들이... 
"대구 가볼만한곳 :: 설 명절... - 설연휴 국내여행, 달성군... "
대구가볼만한곳=대구여행지추천 대구등산 천왕봉 비슬산... 
가을여행지 대구 도동서원
[대구여행] 대구 달성군 배롱나무 &quot;하목정&quot;
매화향기 따라 3월 국내 여행지 추천
대구 강정보 카페 멋진 강뷰에 반한 다사 카페 게이블루프커피
"달성군 가볼만한 곳 남평문씨 본리 세거지 유채꽃, 신상 대구... "
비슬산 계곡 카페 대구 물놀이 가능한 대형 베이커리
대구 물놀이장 추천 / 달성군이 추천하는 여름휴가 코스 BEST3... 
대구 나들이 옥연지 송해공원 튤립 봄여행지로 딱이야
"대구 달성군 카라반 낙동강레포츠밸리 달성3호, 대구 여름... "
대구여행지 송해공원/달성군 옥연지구경하기- 경산부동산캠프
김영철의 동네한바퀴 대구 달성군 4대 전통 노포 삼 형제 손... 
대구여행지
대구 여행지 송해공원 둘레길 후기
붉은 꽃이 활짝 피었습니다~ 대구 당일치기 여행지로 강추!!!
국내 여행지 추천 :: 필름카메라로 대구 사진찍기좋은곳 3!... 
대구 겨울 가볼만한 곳 옥연지 송해공원 빙벽 비슬산자연휴양림... 
[대구달성군] 여름철 사진찍기좋은명소!!/ 달성 &quot;하목정&quot; 고택과... 
대구 관광주간 추천여행지 #5) 가을의 향기를 듬뿍 담은... 
대구가 강추하는 가을 여행지_ 강정고령보 디아크
대구여행지 :: 가까운 힐링 여행지! 봄나들이로 다녀오기 좋은... 
여행) 대구 볼거리 가득한 여행지 옥연지 송해공원
[국내여행] 4월 대구 추천 여행지 / 대구 튤립 명소 : 옥연지... 
11월 국내 여행지 추천 대구여행 명소와 함께 만나는 인근 여행지
달성군 여행지 2탄- 국립대구과학관 얼음썰매장 - 달성군... 
인천공항대형택시 대구 달성군까지 방역택시로 장거리이동
대구 가볼만한곳 단풍 명소 추천 도동서원 은행나무 가을 여행지
함께여서 즐거운 가정의 달! 대구 어린이날부터 5월 내내 떠나요!
대구 여름여행지 추천:: 낙동강을 가로지르며 수상 스포츠에... 
"대구여행추천 :: 6월, 빨간... 소개합니다 - 달성군 블로그... "
대구 가을여행 :: 달성군 도로명주소 따라 떠나는 가을여행!!... 
대구 달성군 갈만한 곳 _ 달성 도동서원
대구 관광 옥연지 송해 공원: 6월이라 수국이 한가득
힐크레스트 입장료 눈썰매장 대구광역시 달성군 에코어드벤처... 
대구 유네스코 세계유산 꼭봐야될3곳 중정당 사당 담장 여행지... 
가을여행주간 야간테마여행 추천코스 중 대구여행지
"대구 달성군 리퍼브샵, 싸게 득템한 날 !"
"[대구여행, 양산여행] 2월 매화꽃 여행지 추천, 매화꽃 개화시기"
[걸어서 대구여행] 달성습지 :: 반려견과 함께 걷기 좋은 길... 
2022.5.5 ~ 5.8 중기간 기차여행 3일차 대구 달성군 용연사... 
2022년 전국 가을풍경 모습을 보세요. 가을여행지로 좋겠네요.
"금굴, 대구 당일치기 여행지 데이트 코스, 대구 아이랑... "
[대구지검] 가을에 갈 만한 여행지 도동서원
7월 대구 가볼만한곳 배롱나무 명소 하목정 옻골마을 23.07.... 
"대구 근교 계곡, 8월 여름 여행지 국내 가볼만한곳 베스트 15"
"[대구]마비정 벽화마을 : 런닝맨 촬영지, 대구 가볼만한곳"
"주말, 르노 마스터 캠핑카 여행! 대구 달성군 유가사 편"
7월 여행지 추천 장소인 비슬산자연휴양림으로 국내 여름 휴가... 
국내겨울여행 :: 달성군 대표... - 달성군 블로그 기자단 정영옥... 
송해공원 둘레길 대구 송해 기념관 대구근교 달성군나들이
도동서원 [대구 가볼 만한 곳][가을여행지]
가을이 오래 머무는 도시! 대구 가볼만한곳 3
아름다운 얼음 동산을 볼 수 있는 대구 여행지 비슬산 자연휴양림
대구 경북 2023 5월 봄꽃 축제 여행지 5곳 기본 정보 정리
대구 달성군 명승지 답사
대구 현풍카페... (cafe_slowstone) / 대구가볼만한곳... 
대구 벽화거리 :: 대곡역 길거리에 달성군 풍광이 짜잔!! 대구... 
[ 대구/달성군 ] 비슬산 참꽃 진달래 군락지 대구비슬산 등산... 
"달성군 갈만한 곳 하목정,  보물로 지정된 조선시대 유적건조물"
대구 여행지 추천 :: 아이들과 가볼만한 곳으로 딱인 당일치기... 
대구 달성 화원 가볼만한곳 여행지 사문진나루터... 저렴한... 
대구 달성군 홍매화로 유명한 남평문씨세거지
남평문씨본리세거지:)화원읍/인흥마을/대구근교여행지... 
"대구가볼만한곳 달성여행지, 화원유원지 사문진나루터의... "
"대구자연관광지 여행지, 대구 근교 걷기 좋은길... "
대구 숨은 여행지 마비정 벽화마을과 미나리삼겹살
가볼만한 곳/ 6.7 월에 가볼만한 곳/대구 여름 여행지 추천
대구여행 강정보 디아크 봄여행지 추천
대구 가볼만한곳 베스트10 여행지 추천 2022년 기준
여행이좋다 :: 대구 근처 볼거리 여행지 추천 대구 달성 도동서원
대구근교나들이 마비정벽화마을(대구 달성군)
[경북 대구  광역시]숲나들e 예약 2박3일 비슬산 자연휴양림... 
체험과 힐링이 있는 송해기념관! 대구 송해공원
"[대구/ 달성군/ 가창 맛집] 닭 숯불구이 전문점, 생수정/ 매운맛... "
"[대구여행 /추천여행지] 대구 허브힐즈, 가족여행,데이트코스... "
대구 옥연지 송해공원 주차도 쉽고 둘레길도 멋진 명소
대구 단풍명소 / 가을 단풍 구경하러 대구 단풍 여행지 추천... 
[대구여행 달성군] 바람이 스치는 마음이 스미는 인흥마을
"대구 사문진 나루터 낙동강 유람선 (가격, 시간, 휴무일) 주막촌"
"대구달성여행지, 솔례 용흥지 수변공원 &amp; 현풍곽씨 십이정려각"
연휴 기분전환 힐링 여행지 추천 전국 100선 모음 가을 여행지
"데이트코스,가족나들이 여행지,대구가까운여행지... "
대구 이팝나무 군락지 교항리 끝물 대구 나들이 아이랑... 
[경북여행지/대구추천여행지/대구사진찍기좋은곳... 
"떠나는 추석 여행! - 대구 여행지 추천, 대구 추석 데이트"
대구산책로추천 :: 산책하기... 소개합니다. - 달성군 기자단 최광철
"달성군 당일치기 여행 :: 먹고, 보고, 즐기고! 달성군 옥포면에서... "
생생정보 택시맛객 목포꽃게살비빔밥맛집 대구현풍6000원할배... 
대구갈만한곳 대구7월가볼만한곳 여름여행 옥연지 송해공원... 
비슬산자연휴양림 기암괴석과 단풍이 절경인 대구 자연휴양림
여행지 유가사!  대구 달성군 유가면 유가사길 유가사!
[대구여행지/대구출사지] 다람재 정상에서 바라본 도동서원의... 
"가볼만한곳 12월 경상도 대구 근교 근처 사진 찍기 좋은 곳, 주차장"
[대구여행]구석구석 맛깔난 여행지  대구 1박2일[1] / 동화사
아이들과 함께 가볼만한 대구 여행지 BEST 5
대구 여행지 추천 / 강정보 디아크에서 펼쳐지는... 
"3월 봄나들이와 꽃구경 가보기 좋은 매화 명소, 대구 남평문씨... "
봄 여행지 지역별 대구 벚꽃 명소 best6 및 개화시기
대구 여행지추천:: 세계물포럼 기념 대구 '물'과 관련된 추천... 
"미술관일까?동물원일까? 대구추천여행지,허브힐즈 쥬쥬랜드"
"가을날, 아이와 함께 가기 좋은 대구 여행지 (마비정 벽화마을)"
대구 가볼만한곳 송해공원 대명유수지 둘레길 산책로 데이트코스
축하하는 달성사랑 음악회에 초대합니다! - 대구 여행지
"달성군 옥연지 송해공원 튤립 : 대구데이트코스, 대구여행지... "
★오픈행사 진행중★대구 달성군 유가읍 JP점핑 전단배포후기
[대구 달성군 여행 2탄] 대구 가창 맛집 녹음 가득한 숲속의 집
10월 국내여행지 가볼만한곳 가을에 취하는 BEST 7
대구 봄나들이 가볼만한곳 동물농장 먹이주기 가능! 대구의... 
대구 여행지 추천 / 대구 달성보에서 무료로 즐기는... 
[대구/달성군/대일리/가창맛집&quot;덕촌식당&quot;]
&quot;일부러 늦캉스&quot; 가을 여행주간 여행지 추천
대구 가창 애견카페 파르크우록에서 반려견 동반 여행... 
[3년 전 오늘] [대구가볼만한곳]사문진 나루터 주막촌(달성군가... 
(급)대구 달성군 응암리 구지 이디야커피점 상가월세//66평형... 
"국내 봄여행지, 전국 진달래명산, 진달래명소, 진달래군락지... "
대구 가을나들이 :: 걸어도... 좋은 가을 여행지 강정보 디아크!
"(봄 꽃 여행지)대구근교 벚꽃명소 드라이브, 야간도 가능!"
대구 가볼만한곳 팔공산 단풍축제 외 가을 명소
대구여행지 / 대구가볼만한곳 -/ 화원유원지/달성군유람선... 
"유가면,곽재우나무,대구가까운여행지,대구인근여행지... "
[대구여행지/대구능소화출사지] 6월의 마지막날... 
"대구인근여행지,대구문화재,대구가까운여행지... "
[도동서원] 대구 달성군 &quot;도동서원&quot; 방문후기 - 세계문화유산... 
[대구] 지금 가면 너무 좋은 대구 봄꽃 여행지 (월곡역사공원... 
대구 여행지 추천 / 6.25전쟁의 영웅 유치곤 장군을 기리는... 
[대구여행지/대구연꽃출사지] 돌아온 연꽃시즌!! 대니골... 
대구 가볼만한 곳 런닝맨 촬영지 마비정 벽화마을
국내여행지추천 / 대구여행 / 대구가볼만한곳 _ 2022. 04. 24... 
대구 주말에 가볼만한 곳 :: 대담한 순간 #13. 달성군으로... 
[국내여행] 7월 대구 가볼만한곳 : 배롱꽃 활짝 피어난 비오는... 
달달~한 달성 여행 #2 :: 겨울 여행지 추천
대구 아이와 함께 '화원산 자연휴양림 유아숲체험원'
아름다운 담장과 광거당{대구여행/대구추천여행지}  #페이지
"인흥서원 - 대구가까운여행지,대구인근여행지,대구나들이여행... "
"블랙이글스, 대구 여행지 추천, 이색박물관, 대구 가볼만한곳"
대구 가을 여행지 / 낙엽과 억새가 아름다운 숨은 단풍놀이 명소... 
5월에 꽃놀이 가기 좋은 대구 여행지 추천드려요
대구 송해공원
대구달성군아이폰 잘 받는꿀팁!!
대구 여름 여행지 대구 육신사
대구 여행지 추천 도동서원
대구근교가볼만한곳 대구 당일치기 여행코스 마비정벽화마을... 
"[대구 by 혜인] 달성군 하빈면에 위치한 자연명소, ‘달성... "
대구 동물원 아이랑 가볼만한곳 네이처파크 먹이주기체험도
"대구 논공꽃단지 해바라기, 핑크뮬리"
구미 근교 가볼만한곳 대구 옥연지 송해공원 얼음빙벽 둘레길... 
논공 꽃단지 대구근교 여행지
"흐르는 꽃의 동산, 화원동산 .. [대구여행지추천,대구가볼만한곳]"
대구 현풍 조식 맛집 숙소 추천 브라운도트호텔현풍점
대구 가볼만한 곳 :: 달성군의 명소만 모았다! 시원한 낙동강... 
경북 자연휴양림. 대구 '화원 자연휴양림'
대구 은행나무 단풍명소 도동서원 너무 예쁘잖아요
대구 달성군 관광 비슬산 암괴류 대견사 참꽃군락지 반딧불이... 
"대구 여행지추천:: 세계물포럼 기념, 대구 '물' 관련 추천... "
"대구의 새로운 여행지, 옛 나루터가 있던 사문진"
대구 여행지 / 달성의 주요 관광지 15곳을 방문하는 '참꽃 랠리... 
[대구 달성군] 강정고령보 (강정보) 리뷰
"[대구 여행지 추천] 대구 가볼 만한 곳 추천, 옥연지 송해공원... "
119 시민수상구조대 발대식 현장! - 달성군 블로그 기자단 문병의
"대구 비슬산 얼음동산 얼음폭포 빙벽, 부산근교 겨울여행지"
"봄에 가기 좋은 대구핫플 3곳 (대구화원유원지, 달성공원... "
3월 국내여행지 추천 매화꽃이 이쁜 남평문씨본리세거지
[대구이색여행지] 조선을 사랑한 일본 무사 사야가(김충선 장군)... 
대구 핑크뮬리 송해공원 가을 꽃구경 개화시기 맞춰 나들이
"대구 추석연휴 가볼만한곳 :: 이번 추석, 대구 여행지를 찾는... "
[대구카페] 카페블로썸 - 송해공원근처카페
[대구여행/대구가볼한곳] 옥연지 송해공원 feat.튤립
대구 수국 꽃 만개! 옥연지 송해공원과 송해기념공원
대구가볼만한곳 :: 비슬산에... 초대합니다. - 달성군 기자단 하종수
대구)이팝나무명소 '해맞이공원'포토존
"대구여행 국내 5월 여행지 추천, 대구 국내여행지 Best5"
대구여행지 근대골목 이상화고택 빼앗긴 들의 실제 배경은... 
대구 여행지 달성 남평문씨 세거지 능소화
대구여행지 남평문씨 인흥세거지
태어난 달성군 화원동산 워터파크! - 달성군 블로그 기자단... 
여행지 소개_대구 달성군 옥연지 송해공원
대구 다사 맛집 무쇠짬뽕 캠핑용 밀키트도 있어요
"대구관광스탬프트레일 .. [대구가볼만한곳,대구여행지]"
[국내여행] 대구 가을 여행 명소 : 도동서원 은행나무 | 만추... 
대구 가창 카페 폰타나커피 은행나무 맛집
대구여자리포터) 대구여행코스 '옥연지 송해공원' 촬영 후기
&lt;대구달성군&gt;대구근교 나들이 화원 마비정(馬飛亭) 벽화마을... 
대구가을여행 :: 꽃길만 걷자... - 달성군 블로그 기자단 최광철
"주말에 가볼만한 곳, 국내여행지 BEST 5"
국내 봄 여행지 추천 2019 봄꽃축제 70곳 전국 모음
내가 다녀본 2021년 최고의 여행지 BEST 8(내가 뽑은 국내... 
달성군 하빈면 배롱나무핀 하목정
겨울 온천 나들이! 대구 온천 가맹점 알아보기♨♨
대구여행-대구야경의 새로운 명소-The ARC/대구추천여행지
"화원읍,화원교도소,화장사,대구가까운여행지,대구인근여행지... "
"알차게 보내는 방법 - 대구여행지추천, 6월가볼만한곳"
[주간일기 챌린지] 6월 가볼만한곳 국내 여행지 추천
대구 연말 공연 :: 2016년... - 달성군 블로그 기자단 정영옥
대구데이트) 대구 동물원은 여기‼️ 네이처파크
대구 '사문진 주막촌' 영화 속에서 보고 싶었던 여행지
대구 라운드힐 905 오토캠핑 외 카라반 여행지 추천 다녀온 후기
대구 여행지 추천 / 참꽃이 가고 아름다운 철쭉이 피어난 비슬산... 
대구 가을 여행지 도동서원 은행나무 노란빛깔 예술이야
대구여행지 추천 2편 &lt;옥연지 송해공원&gt; 여행후기~
"[짱가네일상]한훤당고택, 한옥카페, 도동서원, 달성군가볼만한곳"
대구 근교 아이와 가볼만한곳 여행지 두루두루 섭렵해보기!
대구 가을 여행 옥연지 송해공원 송해기념관
대구 경북 벚꽃 명소 봄꽃 여행지 한방에 몰아 &quot;봄&quot;
대구 '화원동산' 영화 속에서 보고 싶었던 여행지
"대구 가볼만 한곳, 대구 핫플레이스 여행지 BEST 19"
느끼고 온 도동서원-대구 근교 여행지. 현풍 텍폴러 달성군 여행.
SRT 승객이 뽑은 우리나라 언텍트 여행지 BEST 5
시각적 여행을 하는 국립대구과학관
국내여행지추천 / 대구여행 / 대구가볼만한곳... 
대구여행지추천 :: 2016 강정 대구현대미술제가 열리는 강정보... 
"친구들과 떠나는 대구 근교 여행지 - 가창 가볼만한곳, 청도... "
대구 여행지 추천 / 신나는 대한민국별축제가 펼쳐지는... 
[ 대구/달성군 ] 옥연지 송해공원 대구드라이브 대구 가볼만한곳... 
대구 '사문진 나루터' 영화 속에서 보고 싶었던 여행지
대구 네이처파크 미라클 크리스마스 데이트 갈만한곳
"대구 가을 여행 꿀팁 : 10월, 11월 대구 추천 여행 &amp; 개화상황... "
대구디저트맛집  포시즌커피 4season 달성군디저트카페 크로플
얼음과 눈을 볼 수 있는 국내 겨울여행지 추천 16곳
여행지 유가사! 대구 달성군 유가면 유가사 제2탄!
대구호캉스추천 :: 여름휴가는... 즐겨요. - 달성군 기자단 정영옥
티젠 콤부차와 함께 대구 여행 코스 뚜벅이 여행
대구 가볼만한 곳 남평문씨본리세거지 능소화와 연꽃이 활짝!
여행지! 유가사 대구 달성군 유가면 유가사! 제3탄!
"대구 도심 속 보석 같은 가을 여행지, 대명유수지·달성습지"
4월 봄에 꼭 가봐야 되는 여행지~대구 비슬산 참꽃 문화 축제
대구 사진찍기좋은곳 :: 달성군에 위치한 벽화마을 3곳을... 
SRT play 매거진에도 실린 가을 대구 여행 코스
대구 경북 비대면 언택 관광지 한국관광공사 100선 중 13곳 추천
[대구] 대구 가족여행지 추천! 막걸리가 맛있는 '사문진나루터... 
"대구여행지 추천3편 [핸즈커피 아카인1호점, 핸즈커피... "
대구 여행 하며 들리면 후회하지 않을 곳 [마비정 벽화마을]... 
"국내 여름 여행지, 대구 자연휴양림 3곳! - 비슬산자연휴양림"
네덜란드 송해공원 꽃구경 튤립축제 봄여행지 대구가볼만한곳
대구 교항리 이팝나무 군락지 눈꽃 만개 사진찍기 좋은 여행지
[대구 여행지 추천]하늘과 맞닿은 듯한 비슬산 대견사지... 
"달맞이 마실, 어디로 갈까? 정월대보름 달맞이 여행지 추천!"
[대구/올레길]애견동반 산책... 낙동강 자전거길! 국내여행지추천
대구 갈대밭 대명유수지 주차 정보 달성습지 물억새 포토존... 
대구여행 / 빛의정원 호박마녀의 초대 :D 달성군 '포레스트... 
대구여행지 소개 :  대구 강정보 디아크
[대구카페][가창동/슬로우 카페/핸드드립]
현재 실시간)최고의 주말 봄꽃여행지 대구 비슬산 참꽃산행... 
"대구 여행지 : 서문시장, 김광석 거리, 디아크"
"[대구 달성군]옥연지, 금동굴 체험!"
대구 가볼만한곳 볼거리 핫플 명소 데이트 관광지 대구 여행 코스
대구 경북 아이와 가볼만한곳 달성군 구지오토캠핑장 낙동강... 
대구 배롱나무 명소 하목정 실시간 개화상태 포토존
[Mt.HikingKorea] 국내여행 두 바퀴로 대구 한 바퀴... 
11월 여행지 대구 데이트 코스 송해공원
대구 갈만한곳 사진찍기좋은곳 드라이브 코스 대구 옥연지... 
여행) 대구 소풍하기 좋은 여행지 교향리이팝나무군락지
대구 도동서원 400년 된 은행나무 실시간 단풍 상황
대구 은행나무 명소 도동서원 정말 멋지네!
"능소화[대구에 가볼만한곳,남평문씨세거지,대구여행지]"
"여름휴가로 떠나기 좋은 배롱나무꽃 명소 (안동 병산서원, 대구... "
대구 가마솥 빵떡 술빵 가게 위치 달성군 벽화마을 추억의 간식... 
대구 매화꽃 나들이 참 예쁜 남평문씨본리세거지
3월 대구 매화 꽃구경 가볼만한곳 남평문씨본리세거지
"달성군 관광명소를 소개합니다! - 송해공원, 비슬산, 대구 날씨"
"현풍 비슬산 '얼음동산' 대구 현풍 가볼만한 곳, 대구 근교 여행지"
대구 언택트 여행지 옥연지 송해공원
좋은곳 대구 데이트 코스 용두산공원 다이아몬드 타워 사문진... 
5월 여행지 추천 5월 축제 하는곳 일정 모음 336곳
대구 배롱나무 여행코스 명소 6곳 총정리 모음집
대구여행/가을여행지추천 @ 달성습지 [ 코스모스... 
대구달성군가볼만한곳. 대구달성군남평문씨본리세거지... 
"집단 묘지 '불로동 고분군' - 대구 역사 여행지, 가볼만한 곳"
대구여행지 추천 :: 2016 봄 여행주간에 꼭 가봐야할... 
나루터 유람선 후기 '스트레스 잘가~' 대구가볼만한곳 여행지 추천
5월 여행지 추천 - 대구 교향리 이팝나무 군락지
아름다운 대구 근교 드라이브 가볼만한곳 달성군 도동서원... 
대구의 숨은 매력을 느낄 수 있는 여행지를 찾아 (1)... 
대구 만촌동 모명재 숨은 배롱나무 명소 주차장 개화상태
비슬산 여행 후 즐긴 대구 현풍 맛집 용연사 닭불고기 식당 호계
대구 여긴 어때? 남평문씨본리세거지 가을 여행
대구 근처 추천 가을 도시여행지 :: 마비정 벽화마을
부산아이랑 가볼만한곳 대구 네이처파크 동물원
달성군 구지 낙동강 뷰 분위기좋은 카페 기브온
"현대미술제를 돌아볼까요~? - 대구여행지추천, 대구가볼만한곳"
"대구가볼만한곳, 묘골마을 카페 묘운"
대구 관광지 추천 / 송해공원 근처 카페 이치아더 커피[대구여... 
대구 남평문씨본리세거지 찔레꽃 만개 ...
[사진한장] 학창시절의향수 feat 밴또도시락~!!
대구 여름꽃 연꽃 능소화 명소 인흥마을 남평문씨본리세거지... 
[대구]봄맞이 소풍...마비정 벽화마을과  삼필봉(465.2m)
대구여행: 남평문씨본리세거지 매화 실시간 현황(22년 3월... 
"수국,태종대,부산가볼만한곳,부산7월에가볼만한곳,부산여행지... "
[대구 여행지 추천]대구수목원 전통정원으로 떠나는 조선시대... 
"대구 가볼만한 곳 | 당신이 잠든사이, 대구의 밤은  시작된다♥"
대구시민기자단 : 대구의 특별한 데이트코스! #송해공원... 
대구 여행 볼거리 : 달성 도동서원 나들이 데이트 코스
"자연 속에서의 모험, 코로나19 시대의 외출 대안 여행지 소개"
KBS 이만기 동네한바퀴 대구광역시촬영지 상세정보
대구사찰:: 부처님 오신날 맞이 대구 가볼만한 사찰 BEST 3... 
대구 어버이날 여행지 / 부모님 효도 관광지는 어디? - 어버이날... 
"/ 우리나라 가장 아름다운 풍경, 대구 여행지 추천"
[대구 도깨비도로] 어디에?(1-2)... 착시현상 --- 여행지 추천... 
달성군 봄나들이 :: 이번 주말 봄나들이 가볼만한 명소 Best3를... 
최고의 대구 가볼만한곳 : 연못 끝판왕 남평 문씨 본리 세거지
"[대구여행/대구가볼만한곳] 대구 이색명소 소개⑥, 백일홍이... "
대구 옥연지 송해공원 빙벽 뒤에 숨겨진 동굴이 있다? (옥연지... 
대구 억새밭 대명유수지 가을 사진명소 대중교통 주차장 정보
대구 근교가 볼만한 곳 5월 꽃구경 여행지 이팝나무핫플... 
대구 가을 나들이 도동서원 은행나무 현황
"대구 벚꽃 명소, 추천 여행지 :: 화원 마비정 벽화마을"
대구 추천 여행지 대니산 일몰과 도동서원 은행나무
대구 달성군 현풍 반도유보라줄눈시공/테크노폴리스... 
달성군 비슬산 여행
"지금 시작, 되는 가을이야기 은행나무 Best11 여행지 추천"
대구 빵집 가볼만한곳 가창 원조 빵 맛집 호찐빵 만두나라 본점
대구 가볼만한곳 : 옥연지 송해공원 4월 꽃구경 봄 나들이
대구 다사 맛집 베트남 음식 전문점 라이첸 다사점
사계절이 꽃풍년인 송해공원&amp;이찬원카페(대구여행지추천)
대구 여행 가볼만한곳 알아두세요
대구여행지 추천 네이처파크
가을 여행 추천! 전국 갈대 명소를 소개합니다!
"[대구여행 달성군] 나의 변신은 무죄, 대구수목원"
대구 가볼만한곳 송해공원 봄여행지로 추천
{송해공원} 대구근교나들이 장소추천~!
[대구 여행지/대구 등산/봄 여행지/봄 나들이] 비슬산 대견사... 
[강정보 디아크] 대구 근교 가볼 만한 곳.
대구여행 : 화원 나들이 반나절 코스
가창 오리불고기 숯불가득한 대구 가창 맛집 강원도집
대구커튼 달성군 다사읍 서재동화아이위시 초대
대구 근교 애견동반 가창 오리고기 전문 벚꽃집
대구 여행지 마비정벽화마을  ft 새단장
대구 근교 가볼만한곳 달성 하목정 | 배롱나무를 볼 수 있는... 
국내 여행지 추천 핫플 대구 여행 옥연지 송해공원 대구 성모당... 
겨울 대구 여행 갈만한곳 옥연지 송해공원 얼음 빙벽
"대구 달성군 여행 코스, 대구 달성군 가볼만한 곳 추천!"
과학과 만나는 국립대구과학관 - 전시관 박물관 달성군여행
"봄 여행지 추천 - 3월, 4월 봄꽃(산수유, 매화, 벚꽃 등) 축제모음"
대구 가창카페 / 대구근교가볼만한곳 _ 더리버무브스... 
"가창 맛집 대구 드라이브 코스, 호랑이장칼국수"
대구 경북 경남 가을여행지 추천
올해 꼭 가야할 전국 단풍&amp;은행나무 여행지 Best10
[대구 가창] 대구근교 여행지 추천 '시크릿가든펜션' 이용후기... 
대구여행지 달의 연인 보보경심 려 촬영지 남평문씨본리세거지
[겨울여행지추천]비슬산얼음축제 다녀왔답니다^^
겨울에 가볼만한 여행지 추천:: 대구핫플 엘사도 반한다는... 
대구근교여행지 육신사 천천히 걸어보다
대구근교여행 : 송해공원 :자연을 느낄 수 있는 가족여행지
대구 송해공원 가을 여행 [대구 가볼 만한 곳]
[대구 근교 여행] 달성군 옥연지 송해공원
대구 여행주간 :: 봄이라 대구는 재밌다! 대구 여행주간... 
대구여행지추천 화원자연휴양림에서 물놀이하고 왔어요
죽마고우들과 대구에서 1泊을(11/5~6)
여행 4기 - 대구 달성군 벽화마을(마비정)
[대구여행]대구가볼만한곳 능소화와 연꽃구경... 
추석 가볼만한곳 대구 경북 여행지 추천
화원 마비정 벽화마을 / 대구 가볼만한 곳
대구억새명소 대명유수지 가을여행지  맹꽁이서식지 달성습지
대구근교여행지 할로윈이에요♥:: 스파밸리네이처파크
대구 데이트코스 대명유수지 옥연지 송해공원 달성보
달성군 카페! 갤러리  같은  멋진카페 빈잔
대구 본동 빌리브클라쎄 시스템에어컨 만족 설치후기
"10월 대구 가볼만한 곳, 가을을 느낄 수 있는 갈대명소... "
사진찍기 좋은 5월 6월 대구여행 추천 w.대구 여행지 모바일... 
가을여행 추천:: 가을 하늘을 담은 대구 마비정 벽화마을에서... 
스타렉스캠핑카대여 구매 가이드 최고의 캠핑카를 선택하는 방법
달성군 '하목정'에서   군위 '화본역'으로
대구 아기랑 가볼만한곳 네이처파크 솔직후기 (할인 및 꿀팁)
7~8월 배롱나무 꽃이 아름다운 여행지
"기차여행, 버스여행] 기차 타고 렌터카 타고 &lt;대구 달성군 여행&gt;"
다사 카페 바토플루이르 강정보카페
대구 여행지추천 옥연지송해공원 ❤️
대구 은행나무 명소 도동서원 세계유산 힐링여행지
대구 가볼만한 곳 비슬산 참꽃 군락지 전기차 대구여행지
"대구 여행지 추천 남평문씨본리세거지, 홍매화 봄꽃 개화"
달성군 남평문씨본리세거지 능소화
"6월 국내여행지 추천 :: 대구... - 오토캠핑장, 달성군... "
"[대구여행/달서구,달성군여행] 회원유원지, 화원동산... "
대구 달서구 월성동카페 / 대구브런치카페 _ 그곳거기... 
대구여행:: 대구 달성을 내품에! 달성 1박2일 여행코스... 
대구 설연휴 가볼만한곳 #5. 부모님을 위한 대구 힐링명소 추천... 
[달성군 여행] 달성에서 초겨울 운치 즐기기 1일차(화원유원지... 
대구 근교 드라이브 6만송이 개화 대구 튤립 명소 옥연지... 
[경북 대구 광역시]산책하고 사진찍기 좋은 추억의 마비정... 
대구 달성 하목정 배롱나무 꽃이 퐁퐁
대구 5월 가볼만한곳 :: 교항리 이팝나무 군락지 【23년5월1일】
오랜만의 대구여행지 소개예요.
대구 역사여행 :: 역사가 숨쉬는 대구 전통마을을 찾아서!... 
_ 사진 촬영 명소 대구 가창 힐링파크 포니목장를 가다!
정월 대보름 달맞이 문화제 : 대구 달성보로 놀러오세요
"대구 가창 가족 여행지 추천, 대구 동물원 '네이처파크'"
"경북 가볼만한곳, 대구여행코스 동성로 스파크랜드 대관람차... "
대구시 달성군 유가면
"대구] 대구수목원과 인흥마을, 그리고 동인동 갈비찜을 아시나요!"
"관광, 달성군, 대구, 명소, 빙벽, 산책, 여행, 여행지, 추천... "
대구단풍 / 가창카페 - 오퐁드부아
대구 5월 여행 가볼만한곳 교황리이팝나무 군락지
d+907 : 아이와 대구근교 계곡나들이 비슬산 유가사계곡... 
달성군 옥연지 송해 공원 밤마실(feat. 보름달)
[대구/아이랑 가볼 만한 곳] 걸음마아기랑 함께한 대구여행지... 
화원유원지 사문진 주막촌 나루터 피크닉장 대구 경북 여행... 
"대구 꼭 가볼 만한 곳, 네이처파크 생태동물원 안가면 안되는 이유"
대구 다사 맛집 추천 생생정보통 무쇠짬뽕
대구 글램핑장 추천 BEST 7곳
대구 강정보 디아크 2023 달성 대구현대미술제
직접 다녀와 본 5월 국내여행지 추천
5월 추천 여행지 – 대구 마비정 벽화마을
요금&amp;운행시간/[대구] 비슬산 대견사 겨울 여행지로 추천합니다... 
[트래블리더 13기 사전미션]대구 언택트 여행지 추천... 
"대구 달성군, 2014 달성愛 팸 투어 2탄 실시…전국 관광관련... "
골라 즐기는 재미가 있다! 명절 연휴 가볼만한 대구 여행지 추천
2023년 어린이날 아이와 함께 가볼만한 여행지 TOP 3
대구 관광 핫플 매화 명소 남평 문씨본리 세거지
[대구여행/ 남평문씨본리 세거지 ]
"대구경북관광지, 대구 근교 걷기 좋은 산책길, 육신사... "
달성군 가볼만한곳 마비정 벽화마을
대구 근교 여행 과천... 가볼만한곳 대구 근처 비오는날 실내... 
대구여행 가볼만한곳 마비정 벽화마을 사진찍기 좋은 곳
대구여행 코스 :: 도시철도로 떠나는 대구이야기 여행 #5.... 
2023년 가볼만한 한국 여행지 5곳
대구에서 능소화를 즐기는 법
달성군 가볼만한곳 / 충절의... - 달성군 블로그 기자단 박재현
대구 지금 가볼만한곳 베스트 6
"매력적이었던 5월 대구여행/대구여행 코스, 여행정보"
대구 현풍카페 / 비슬산카페 _ 포레밀 (Foremeal)
대구 옥연지 송해공원 가족나들이 하기 좋은곳
대구여행지추천 마비정벽화마을
대구 가을 여행 / 인생샷 명소 추천 ::  대구 빛나는 결혼식
대구 벚꽃 여행지 구경 가볼 만한 곳
대구 가창 가볼만한곳 먹거리 빵 맛집 호찐빵 만두나라 2호점
"대구명소 강정고령보 뷰를 품은 다이브인커피, 다사카페... "
"아이들과가볼만한 여행지 '에코테마파크', 데이트장소로도 눈길"
"찾아 떠난 시간여행_경주,대구,성주,안동여행(2020.08.01~02)"
"대구 수목원 성큼 다가온 가을 여행, 단풍 물들다"
달성군 마을테마여행... 인흥서원 /마비정벽화마을 / 달성군... 
"대구경북 배롱나무 명소: 하목정, 육신사, 가실성당"
추석에 놀러가는 즐거운! 국내 여행지 맛집 BEST
(대구근처 가볼만한곳/대구근처 글램핑장/1박2일여행지추천)
대구 가볼만한곳 화원유원지 실패편..
&lt;대명유수지 / 달성습지생태학습관&gt; 대구 가을여행지 '달성습지'
대명유수지 10월 억새 보기 좋은 대구달성습지
[국내여행] 비슬산 자연휴양림 얼음동산 | 겨울여행지 | 포토존... 
돌담길 찔레꽃 이쁜곳                      대구지금가볼만한곳... 
2023년 전국 팔도 벚꽃 관광지 명소 추천! 개화시기 안내!
(대구가볼만한곳)대구 달성군 송해공원
대구여행1박2일]뒤돌아서도 머릿속에 그려지는 대구 달성여행
대구여행 1박2일]벚꽃이 화사하게 맞이해 주었던 대구여행
있는 대구 가창 은행나무 단풍 사진 맛집 '대구 가창 감성 카페... 
대구여행 가볼만한 곳=대한민국 명소 송해공원 설경
"로 초대합니다! - 대구가볼만한곳, 대구여행지추천"
ARC/4대강문화관/대구사진찍기 좋은곳/대구 가볼만한 여행지
[대구여행 달성여행]하목정 (대구 유형문화재 제36호) 배롱나무
이야기 [대구 여행지 = 대구 가볼만한 곳... 
대구 신천 스케이트장 개장 일정과 비용 확인하세요
[대구 옥포] 송해공원 얼음 빙벽 가볼만한 곳 추천! 겨울... 
대구 가볼만한곳 사문진 나루터(달성꽃피다)
[대구] 마비정 벽화마을&amp;남평문씨본리세거지
찾아가는 시민사랑방 운영 현장 - 달성군 블로그 기자단 김혜정
대구 근교 가실 성당 칠곡 여행
대구여행 5월 가볼만한 곳 달성군 교항리 이팝나무 군락지
대구 캠핑장 오투글램핑 가을여행지로 딱!
정보/대구 가볼 만한 곳 추천/옥연지 송해공원 여행지... 
4050세대의 유년시절 추억의 길-대구 달성의 벽화마을 마비정
"가을 여행지 추천, 단풍이 아름다운 곳"
대구 가볼만한곳 달성 낙동강 권역 명소 7  곳
달성군 비슬산 대견사 고흥 한마음산악회 산행정보
대구 공원 놀곳 5월 봄 꽃 구경 여행 교향리 이팝나무 군락지
"추천 / 대구 여행지 추천 숙박과 오전대실,오후대실을 이용... "
재밌게 본 사람 손! 랜선으로 떠나는 겨울 대구여행지 BEST 5
대구 여행코스 베스트 10
대구근교 가볼만 한 곳  사문진 나루터  . 주막촌 .  화원유원지
"여행 육신사♬대구 한옥마을,묘골마을 육신사&amp;대구 여행지 추천"
대구 교항리 이팝나무 숲 군락지 개화시기 맞춰 가볼만한곳
대구 핑크뮬리 코스모스 볼 수 있는 근교여행지 고령 어북실... 
[대구 근교 가볼만한 곳] 대구 근교여행지
테크노폴리스 중앙공원 무궁화동산을 소개합니다!
"대구 가을여행, 도동서원 은행나무"
둔 달성군의 멋진 모습을 나눠주세요! 제4회 달성군 전국사진... 
"대구 근교 여행지 : 힐링과 행복, 두 마리 토끼를 잡다!"
대구 가을 여행 :: 달성군 가볼만한 곳 남평 문씨 인흥 세거지... 
"[대구] 송해공원 튤립 현황, 주차 정보/5월 여행지 추천/대구... "
생선구이는 식당에서  대구 어물전 현풍점
달성군의 멋진 여름 모습을... 제4회 달성군 전국 사진공모전... 
경치가 다했네... 가을에 더 무르익는 여행지 추천
김소월 진달래꽃과 전국 진달래 여행지
대구 근교 갈만한 곳 비슬산 참꽃군락지 4월 국내여행지 추천
가을 정취 물씬 옥연지 송해공원 국화 전시회
대구 근교 가창 네이처파크 유모차 봄 시즌 입장권 주차장 정보
대구 봄꽃 명소 - 교항리 이팝나무 군락지로 가족여행
"[대구광역시 여행지] 비슬산군립공원, 옥연지송해공원... "
한국관광공사 추천 - 국내여행지 100선(계절별)
2016 대구 방문주간 :: 올 여름휴가는 대구여행! 대구에서... 
대구 가볼 만한 곳  가족 나들이 데이트 사진 명소 여행 코스
사문진 나루터/ 대구식객단 팸투어(달성군)-2- 사문진 나루터... 
추석 연휴 여행 축제 56곳 전국 모음 가볼만한곳 국내여행
[대구] 대구 겨울 메인은 바로 여기 ‘비슬산자연휴양림’
여행 :: 대구 ~ 칠곡 1시간 코스! 배롱나무 따라 떠나는 대구... 
대구 가볼만한곳 마비정 벽화마을 정겨운 농촌풍경 ~
대구 아이랑 갈만한곳 네이처파크 플라워 페스티벌 축제 동물원... 
대구 여행 / 다사장애인보호작... - 달성군청 블로그 기자단... 
이야기 [대구 여행지 = 대구 가볼만한 곳][삼성갤럭시S3... 
김태희손국수집에서 만난 옛날 칼국수와 만두. 달성군 맛집 인정.
대구에도 흔들 다리가 있다? 송해공원 '출렁다리' 대구가볼만한... 
"대구 벚꽃 명소  :: 현지인이 추천하는 명소(수성못, 옥포벚꽃... "
달성군 :: 2015년 달성군 재정공시 안내! 재정운영 결과를... 
대구 비슬산자연휴양림 얼음축제 / 얼음동산 실시간 상황
대구 아이와 실내 가볼만한곳 국립대구과학관 상설전시관... 
대구 수성구 가볼만한곳 일본 여행사가 찾는... 
2016 대구 가을여행주간 :: 올 가을 국내여행은 대구로!... 
[대구렌트카]대구여행지 추천 비슬산자연휴양림 얼음동산
[대구여행지 추천] 대구 디아크 문화관 (the ARC) - 대구야경... 
인터넷 다음에 소개된 달성군의 숲길이 있는 여행지와 피서지
"대구근교여행:) 가창맛집베스트, 가창 닭구이 맛집 &quot;생수정&quot;"
"[4월 국내 여행지 추천] 전국 튤립 명소 모음 zip, 꽃구경하기... "
대구 부모님 모시고 가기 좋은 곳 송해공원 이찬원 카페 찬스카페
대구 비슬산 얼음동산
뚜벅이와 함께하는 정겨운 달성군 여행 | 달성군관광 | 화원시장... 
대구가볼만한곳 관광 여행지 체험 탐방13선 김광석길... 
[대구근교나들이/리조트스파밸리] 겨울에도 스파밸리!!!
코엑스 트래블쇼 2023 여행 박람회 사전등록 무료입장 이벤트... 
대담한 순간#11. 대구 설연휴 가볼만한 곳 추천해드립니다!
핫한 대구여행지 알려드릴께요
주말여행지:: 달성 한일우호관 &amp; 녹동서원 파헤치기!!_주말... 
"대구여행,대구가볼만한곳-대구 마비정 벽화마을"
2022년 벚꽃개화시기 대구경북 벚꽃여행지 추천
만개 앞둔 논공 해바라기 벌써 예뻐요 + 주차 정보
사문진 나루터 대구 갈만한곳 유람선부터 주막촌까지
"(대구 가창면 맛집) 미조국시 닭한마리칼국수, 남해 미조항을 품다"
대구 달성 다사 가볼만한곳 죽곡댓잎소리길
대구 5월 가볼만한곳 :: 교항리 이팝나무 군락지 【23년5월1일】
"대구 여행, 자연 풍경 보며... 사문진 나루터, 대구 가볼 만한 곳"
:: 대구여행 :: 매화보러 남평문씨본리세거지 (3/17다녀왔어요)
대구 매화가 아름다운 &quot;남평 문씨 본리 세거지&quot; 봄에 아이들과... 
"꽃향기 피어나는 묘골마을 육신사, 사육신을 기리는 사당"
올 봄 ‘비대면 안심여행지 25선’
대구 가창 대형카페 룰리커피 호수뷰가 있는 대구 근교 카페
"대구 알록달록한 튤립의 향연, 옥연지 송해공원 (주차정보)"
대구여행 / 대구가볼만한곳 / 대구은행나무명소 _ 도동서원
3대문화권으로 떠나는 삼삼한 여행 &quot;조선 시대로의 시간여행... 
[대구/달성] 옥포 비슬산 가볼만한곳 | 부처님 진신사리를... 
2022년 대구여행 모바일 챌린지 투어 &lt;대구 여행도감 챌린지&gt;
"겨울여행지 추천 - 대구 , 가창글램핑장"
"2023년 진달래, 개나리 개화시기, 명산, 봄꽃 명소/여행지, 꽃말"
대구 1박2일여행:: 팔로우와 함께하는 두근두근 대구 벽화마을... 
[대구 / 명소]  대구 튤립 명소 : 송해공원 | 대구안의 네덜란드...♡
대구 여행 가볼만한곳 : 금호강 달성습지 대명유수지 나들이
대구여행 대구가볼만한곳 가볼만한카페 카페여행 대새목장
국내 가을 여행지 '대구수목원 &amp; 사문진나루터 &amp; 마비정벽화마을... 
대구 가창맛집 / 가창가볼만한곳 _ 호랑이장칼국수... 
가을의 정취에 흠뻑 물든 대구 여행지
대구 가볼만한곳 대구여행지추천✔비슬산
"가을여행주간, 대구여행 가볼만한곳 - 강성보, 디아크(The Arc)"
[대구여행/달성군] 마비정 벽화마을 나들이
대구 실내 가볼만한곳 데이트 코스 대구 가창 카페 베스트 5
[대구겨울여행지] 겨울왕국 &quot;송해공원 얼음빙벽&quot; 구름다리... 
대구 달성 여행 낙동강 레포츠밸리 완벽한 여름 즐기기
대구 근처 드라이브 여행 현풍 나들이 가볼만한곳 스몰버드
"시네마천국 대구 :: 한눈에 보는 TV, 스크린속 대구 촬영지... "
만개할 대구 #교향리이팝나무군락지  매년 5월이면 볼 수 있는... 
"대구 송해공원 : 4월 여행지,튤립개화정보,포토존 top3... "
"대구 비슬산 자연휴양림 얼음축제,얼음동산"
"경북 겨울여행지 ,청송 가볼만한 곳 청송얼음골 갔다왔어요... "
경북 대구 가볼만한곳 핫플 명소 관광지 옥연지 송해공원... 
"대구 네이처파크 대구 가볼만한 곳 (할로윈 , 동물, 금화체험 까지)"
